ultralytics.utils.metrics.DetMetrics object with attributes:

ap_class_index: array([  1,   2,   3,   5,   6,   7,   8,   9,  10,  11,  12,  13,  14,  15,  16,  17,  18,  19,  20,  21,  22,  23,  24,  25,  26,  27,  28,  29,  30,  31,  32,  33,  34,  35,  36,  37,  38,  39,  40,  41,  42,  43,  44,  45,  46,  47,  48,  49,  50,  51,  52,  53,  54,  55,  56,  57,  58,  59,  60,  61,  62,  63,
        64,  65,  66,  67,  68,  69,  70,  71,  72,  73,  74,  76,  77,  78,  79,  80,  81,  82,  83,  84,  85,  87,  88,  89,  90,  91,  92,  93,  94,  95,  96,  97,  98, 100, 101, 102, 103, 104, 105, 106, 107, 108, 109, 110, 111, 112, 113, 114, 115, 116, 117, 118, 119, 120, 121, 122, 123, 124, 125, 126, 127, 128,
       129, 131, 132, 133, 134, 135, 136, 137, 138, 139, 140, 142, 143, 144, 145, 147, 148, 149, 150, 151, 152, 153, 154, 156, 158, 159, 160, 161, 162, 163, 164, 165, 166, 167, 169, 170, 171, 172, 173, 175, 176, 177, 178, 179, 180, 182, 183, 184, 185, 186, 187, 188, 189, 190, 191, 192, 193, 194, 195, 196, 197, 198,
       199, 201, 202, 203, 204, 206, 207, 208, 209, 210, 212, 213, 214, 215, 216, 217, 218, 219, 221, 222, 223, 224, 225, 226, 227, 228, 230, 231, 232, 233, 234, 235, 236, 237, 238, 239, 240, 241, 242, 243, 244, 246, 247, 248, 249, 250, 251, 252, 253, 254, 255, 256, 257, 258, 259, 260, 261, 262, 263, 264, 265, 266,
       267, 269, 270, 271, 272, 273, 274, 275, 276, 278, 279, 280, 281, 282, 283, 284, 285, 286, 287, 288, 289, 290, 292, 293, 294, 295, 296, 297, 298, 299, 300, 301, 303, 304, 305, 306, 307, 308, 310, 312, 313, 314, 315, 316, 317, 318, 319, 320, 321, 322, 323, 324, 326, 327, 328, 329, 330, 331, 332, 334, 335, 336,
       337, 338, 340, 341, 342, 344, 345, 346, 347, 349, 350, 352, 357, 358, 360])
box: ultralytics.utils.metrics.Metric object
confusion_matrix: <ultralytics.utils.metrics.ConfusionMatrix object at 0x7f8cd0152c90>
curves: ['Precision-Recall(B)', 'F1-Confidence(B)', 'Precision-Confidence(B)', 'Recall-Confidence(B)']
curves_results: [[array([          0,    0.001001,    0.002002,    0.003003,    0.004004,    0.005005,    0.006006,    0.007007,    0.008008,    0.009009,     0.01001,    0.011011,    0.012012,    0.013013,    0.014014,    0.015015,    0.016016,    0.017017,    0.018018,    0.019019,     0.02002,    0.021021,    0.022022,    0.023023,
          0.024024,    0.025025,    0.026026,    0.027027,    0.028028,    0.029029,     0.03003,    0.031031,    0.032032,    0.033033,    0.034034,    0.035035,    0.036036,    0.037037,    0.038038,    0.039039,     0.04004,    0.041041,    0.042042,    0.043043,    0.044044,    0.045045,    0.046046,    0.047047,
          0.048048,    0.049049,     0.05005,    0.051051,    0.052052,    0.053053,    0.054054,    0.055055,    0.056056,    0.057057,    0.058058,    0.059059,     0.06006,    0.061061,    0.062062,    0.063063,    0.064064,    0.065065,    0.066066,    0.067067,    0.068068,    0.069069,     0.07007,    0.071071,
          0.072072,    0.073073,    0.074074,    0.075075,    0.076076,    0.077077,    0.078078,    0.079079,     0.08008,    0.081081,    0.082082,    0.083083,    0.084084,    0.085085,    0.086086,    0.087087,    0.088088,    0.089089,     0.09009,    0.091091,    0.092092,    0.093093,    0.094094,    0.095095,
          0.096096,    0.097097,    0.098098,    0.099099,      0.1001,      0.1011,      0.1021,      0.1031,      0.1041,     0.10511,     0.10611,     0.10711,     0.10811,     0.10911,     0.11011,     0.11111,     0.11211,     0.11311,     0.11411,     0.11512,     0.11612,     0.11712,     0.11812,     0.11912,
           0.12012,     0.12112,     0.12212,     0.12312,     0.12412,     0.12513,     0.12613,     0.12713,     0.12813,     0.12913,     0.13013,     0.13113,     0.13213,     0.13313,     0.13413,     0.13514,     0.13614,     0.13714,     0.13814,     0.13914,     0.14014,     0.14114,     0.14214,     0.14314,
           0.14414,     0.14515,     0.14615,     0.14715,     0.14815,     0.14915,     0.15015,     0.15115,     0.15215,     0.15315,     0.15415,     0.15516,     0.15616,     0.15716,     0.15816,     0.15916,     0.16016,     0.16116,     0.16216,     0.16316,     0.16416,     0.16517,     0.16617,     0.16717,
           0.16817,     0.16917,     0.17017,     0.17117,     0.17217,     0.17317,     0.17417,     0.17518,     0.17618,     0.17718,     0.17818,     0.17918,     0.18018,     0.18118,     0.18218,     0.18318,     0.18418,     0.18519,     0.18619,     0.18719,     0.18819,     0.18919,     0.19019,     0.19119,
           0.19219,     0.19319,     0.19419,      0.1952,      0.1962,      0.1972,      0.1982,      0.1992,      0.2002,      0.2012,      0.2022,      0.2032,      0.2042,     0.20521,     0.20621,     0.20721,     0.20821,     0.20921,     0.21021,     0.21121,     0.21221,     0.21321,     0.21421,     0.21522,
           0.21622,     0.21722,     0.21822,     0.21922,     0.22022,     0.22122,     0.22222,     0.22322,     0.22422,     0.22523,     0.22623,     0.22723,     0.22823,     0.22923,     0.23023,     0.23123,     0.23223,     0.23323,     0.23423,     0.23524,     0.23624,     0.23724,     0.23824,     0.23924,
           0.24024,     0.24124,     0.24224,     0.24324,     0.24424,     0.24525,     0.24625,     0.24725,     0.24825,     0.24925,     0.25025,     0.25125,     0.25225,     0.25325,     0.25425,     0.25526,     0.25626,     0.25726,     0.25826,     0.25926,     0.26026,     0.26126,     0.26226,     0.26326,
           0.26426,     0.26527,     0.26627,     0.26727,     0.26827,     0.26927,     0.27027,     0.27127,     0.27227,     0.27327,     0.27427,     0.27528,     0.27628,     0.27728,     0.27828,     0.27928,     0.28028,     0.28128,     0.28228,     0.28328,     0.28428,     0.28529,     0.28629,     0.28729,
           0.28829,     0.28929,     0.29029,     0.29129,     0.29229,     0.29329,     0.29429,      0.2953,      0.2963,      0.2973,      0.2983,      0.2993,      0.3003,      0.3013,      0.3023,      0.3033,      0.3043,     0.30531,     0.30631,     0.30731,     0.30831,     0.30931,     0.31031,     0.31131,
           0.31231,     0.31331,     0.31431,     0.31532,     0.31632,     0.31732,     0.31832,     0.31932,     0.32032,     0.32132,     0.32232,     0.32332,     0.32432,     0.32533,     0.32633,     0.32733,     0.32833,     0.32933,     0.33033,     0.33133,     0.33233,     0.33333,     0.33433,     0.33534,
           0.33634,     0.33734,     0.33834,     0.33934,     0.34034,     0.34134,     0.34234,     0.34334,     0.34434,     0.34535,     0.34635,     0.34735,     0.34835,     0.34935,     0.35035,     0.35135,     0.35235,     0.35335,     0.35435,     0.35536,     0.35636,     0.35736,     0.35836,     0.35936,
           0.36036,     0.36136,     0.36236,     0.36336,     0.36436,     0.36537,     0.36637,     0.36737,     0.36837,     0.36937,     0.37037,     0.37137,     0.37237,     0.37337,     0.37437,     0.37538,     0.37638,     0.37738,     0.37838,     0.37938,     0.38038,     0.38138,     0.38238,     0.38338,
           0.38438,     0.38539,     0.38639,     0.38739,     0.38839,     0.38939,     0.39039,     0.39139,     0.39239,     0.39339,     0.39439,      0.3954,      0.3964,      0.3974,      0.3984,      0.3994,      0.4004,      0.4014,      0.4024,      0.4034,      0.4044,     0.40541,     0.40641,     0.40741,
           0.40841,     0.40941,     0.41041,     0.41141,     0.41241,     0.41341,     0.41441,     0.41542,     0.41642,     0.41742,     0.41842,     0.41942,     0.42042,     0.42142,     0.42242,     0.42342,     0.42442,     0.42543,     0.42643,     0.42743,     0.42843,     0.42943,     0.43043,     0.43143,
           0.43243,     0.43343,     0.43443,     0.43544,     0.43644,     0.43744,     0.43844,     0.43944,     0.44044,     0.44144,     0.44244,     0.44344,     0.44444,     0.44545,     0.44645,     0.44745,     0.44845,     0.44945,     0.45045,     0.45145,     0.45245,     0.45345,     0.45445,     0.45546,
           0.45646,     0.45746,     0.45846,     0.45946,     0.46046,     0.46146,     0.46246,     0.46346,     0.46446,     0.46547,     0.46647,     0.46747,     0.46847,     0.46947,     0.47047,     0.47147,     0.47247,     0.47347,     0.47447,     0.47548,     0.47648,     0.47748,     0.47848,     0.47948,
           0.48048,     0.48148,     0.48248,     0.48348,     0.48448,     0.48549,     0.48649,     0.48749,     0.48849,     0.48949,     0.49049,     0.49149,     0.49249,     0.49349,     0.49449,      0.4955,      0.4965,      0.4975,      0.4985,      0.4995,      0.5005,      0.5015,      0.5025,      0.5035,
            0.5045,     0.50551,     0.50651,     0.50751,     0.50851,     0.50951,     0.51051,     0.51151,     0.51251,     0.51351,     0.51451,     0.51552,     0.51652,     0.51752,     0.51852,     0.51952,     0.52052,     0.52152,     0.52252,     0.52352,     0.52452,     0.52553,     0.52653,     0.52753,
           0.52853,     0.52953,     0.53053,     0.53153,     0.53253,     0.53353,     0.53453,     0.53554,     0.53654,     0.53754,     0.53854,     0.53954,     0.54054,     0.54154,     0.54254,     0.54354,     0.54454,     0.54555,     0.54655,     0.54755,     0.54855,     0.54955,     0.55055,     0.55155,
           0.55255,     0.55355,     0.55455,     0.55556,     0.55656,     0.55756,     0.55856,     0.55956,     0.56056,     0.56156,     0.56256,     0.56356,     0.56456,     0.56557,     0.56657,     0.56757,     0.56857,     0.56957,     0.57057,     0.57157,     0.57257,     0.57357,     0.57457,     0.57558,
           0.57658,     0.57758,     0.57858,     0.57958,     0.58058,     0.58158,     0.58258,     0.58358,     0.58458,     0.58559,     0.58659,     0.58759,     0.58859,     0.58959,     0.59059,     0.59159,     0.59259,     0.59359,     0.59459,      0.5956,      0.5966,      0.5976,      0.5986,      0.5996,
            0.6006,      0.6016,      0.6026,      0.6036,      0.6046,     0.60561,     0.60661,     0.60761,     0.60861,     0.60961,     0.61061,     0.61161,     0.61261,     0.61361,     0.61461,     0.61562,     0.61662,     0.61762,     0.61862,     0.61962,     0.62062,     0.62162,     0.62262,     0.62362,
           0.62462,     0.62563,     0.62663,     0.62763,     0.62863,     0.62963,     0.63063,     0.63163,     0.63263,     0.63363,     0.63463,     0.63564,     0.63664,     0.63764,     0.63864,     0.63964,     0.64064,     0.64164,     0.64264,     0.64364,     0.64464,     0.64565,     0.64665,     0.64765,
           0.64865,     0.64965,     0.65065,     0.65165,     0.65265,     0.65365,     0.65465,     0.65566,     0.65666,     0.65766,     0.65866,     0.65966,     0.66066,     0.66166,     0.66266,     0.66366,     0.66466,     0.66567,     0.66667,     0.66767,     0.66867,     0.66967,     0.67067,     0.67167,
           0.67267,     0.67367,     0.67467,     0.67568,     0.67668,     0.67768,     0.67868,     0.67968,     0.68068,     0.68168,     0.68268,     0.68368,     0.68468,     0.68569,     0.68669,     0.68769,     0.68869,     0.68969,     0.69069,     0.69169,     0.69269,     0.69369,     0.69469,      0.6957,
            0.6967,      0.6977,      0.6987,      0.6997,      0.7007,      0.7017,      0.7027,      0.7037,      0.7047,     0.70571,     0.70671,     0.70771,     0.70871,     0.70971,     0.71071,     0.71171,     0.71271,     0.71371,     0.71471,     0.71572,     0.71672,     0.71772,     0.71872,     0.71972,
           0.72072,     0.72172,     0.72272,     0.72372,     0.72472,     0.72573,     0.72673,     0.72773,     0.72873,     0.72973,     0.73073,     0.73173,     0.73273,     0.73373,     0.73473,     0.73574,     0.73674,     0.73774,     0.73874,     0.73974,     0.74074,     0.74174,     0.74274,     0.74374,
           0.74474,     0.74575,     0.74675,     0.74775,     0.74875,     0.74975,     0.75075,     0.75175,     0.75275,     0.75375,     0.75475,     0.75576,     0.75676,     0.75776,     0.75876,     0.75976,     0.76076,     0.76176,     0.76276,     0.76376,     0.76476,     0.76577,     0.76677,     0.76777,
           0.76877,     0.76977,     0.77077,     0.77177,     0.77277,     0.77377,     0.77477,     0.77578,     0.77678,     0.77778,     0.77878,     0.77978,     0.78078,     0.78178,     0.78278,     0.78378,     0.78478,     0.78579,     0.78679,     0.78779,     0.78879,     0.78979,     0.79079,     0.79179,
           0.79279,     0.79379,     0.79479,      0.7958,      0.7968,      0.7978,      0.7988,      0.7998,      0.8008,      0.8018,      0.8028,      0.8038,      0.8048,     0.80581,     0.80681,     0.80781,     0.80881,     0.80981,     0.81081,     0.81181,     0.81281,     0.81381,     0.81481,     0.81582,
           0.81682,     0.81782,     0.81882,     0.81982,     0.82082,     0.82182,     0.82282,     0.82382,     0.82482,     0.82583,     0.82683,     0.82783,     0.82883,     0.82983,     0.83083,     0.83183,     0.83283,     0.83383,     0.83483,     0.83584,     0.83684,     0.83784,     0.83884,     0.83984,
           0.84084,     0.84184,     0.84284,     0.84384,     0.84484,     0.84585,     0.84685,     0.84785,     0.84885,     0.84985,     0.85085,     0.85185,     0.85285,     0.85385,     0.85485,     0.85586,     0.85686,     0.85786,     0.85886,     0.85986,     0.86086,     0.86186,     0.86286,     0.86386,
           0.86486,     0.86587,     0.86687,     0.86787,     0.86887,     0.86987,     0.87087,     0.87187,     0.87287,     0.87387,     0.87487,     0.87588,     0.87688,     0.87788,     0.87888,     0.87988,     0.88088,     0.88188,     0.88288,     0.88388,     0.88488,     0.88589,     0.88689,     0.88789,
           0.88889,     0.88989,     0.89089,     0.89189,     0.89289,     0.89389,     0.89489,      0.8959,      0.8969,      0.8979,      0.8989,      0.8999,      0.9009,      0.9019,      0.9029,      0.9039,      0.9049,     0.90591,     0.90691,     0.90791,     0.90891,     0.90991,     0.91091,     0.91191,
           0.91291,     0.91391,     0.91491,     0.91592,     0.91692,     0.91792,     0.91892,     0.91992,     0.92092,     0.92192,     0.92292,     0.92392,     0.92492,     0.92593,     0.92693,     0.92793,     0.92893,     0.92993,     0.93093,     0.93193,     0.93293,     0.93393,     0.93493,     0.93594,
           0.93694,     0.93794,     0.93894,     0.93994,     0.94094,     0.94194,     0.94294,     0.94394,     0.94494,     0.94595,     0.94695,     0.94795,     0.94895,     0.94995,     0.95095,     0.95195,     0.95295,     0.95395,     0.95495,     0.95596,     0.95696,     0.95796,     0.95896,     0.95996,
           0.96096,     0.96196,     0.96296,     0.96396,     0.96496,     0.96597,     0.96697,     0.96797,     0.96897,     0.96997,     0.97097,     0.97197,     0.97297,     0.97397,     0.97497,     0.97598,     0.97698,     0.97798,     0.97898,     0.97998,     0.98098,     0.98198,     0.98298,     0.98398,
           0.98498,     0.98599,     0.98699,     0.98799,     0.98899,     0.98999,     0.99099,     0.99199,     0.99299,     0.99399,     0.99499,       0.996,       0.997,       0.998,       0.999,           1]), array([[          1,           1,           1, ...,  0.00036554,  0.00018277,           0],
       [          1,           1,           1, ...,   0.0001344,  6.7201e-05,           0],
       [          1,           1,           1, ...,  0.00028003,  0.00014002,           0],
       ...,
       [          0,           0,           0, ...,           0,           0,           0],
       [          0,           0,           0, ...,           0,           0,           0],
       [          0,           0,           0, ...,           0,           0,           0]]), 'Recall', 'Precision'], [array([          0,    0.001001,    0.002002,    0.003003,    0.004004,    0.005005,    0.006006,    0.007007,    0.008008,    0.009009,     0.01001,    0.011011,    0.012012,    0.013013,    0.014014,    0.015015,    0.016016,    0.017017,    0.018018,    0.019019,     0.02002,    0.021021,    0.022022,    0.023023,
          0.024024,    0.025025,    0.026026,    0.027027,    0.028028,    0.029029,     0.03003,    0.031031,    0.032032,    0.033033,    0.034034,    0.035035,    0.036036,    0.037037,    0.038038,    0.039039,     0.04004,    0.041041,    0.042042,    0.043043,    0.044044,    0.045045,    0.046046,    0.047047,
          0.048048,    0.049049,     0.05005,    0.051051,    0.052052,    0.053053,    0.054054,    0.055055,    0.056056,    0.057057,    0.058058,    0.059059,     0.06006,    0.061061,    0.062062,    0.063063,    0.064064,    0.065065,    0.066066,    0.067067,    0.068068,    0.069069,     0.07007,    0.071071,
          0.072072,    0.073073,    0.074074,    0.075075,    0.076076,    0.077077,    0.078078,    0.079079,     0.08008,    0.081081,    0.082082,    0.083083,    0.084084,    0.085085,    0.086086,    0.087087,    0.088088,    0.089089,     0.09009,    0.091091,    0.092092,    0.093093,    0.094094,    0.095095,
          0.096096,    0.097097,    0.098098,    0.099099,      0.1001,      0.1011,      0.1021,      0.1031,      0.1041,     0.10511,     0.10611,     0.10711,     0.10811,     0.10911,     0.11011,     0.11111,     0.11211,     0.11311,     0.11411,     0.11512,     0.11612,     0.11712,     0.11812,     0.11912,
           0.12012,     0.12112,     0.12212,     0.12312,     0.12412,     0.12513,     0.12613,     0.12713,     0.12813,     0.12913,     0.13013,     0.13113,     0.13213,     0.13313,     0.13413,     0.13514,     0.13614,     0.13714,     0.13814,     0.13914,     0.14014,     0.14114,     0.14214,     0.14314,
           0.14414,     0.14515,     0.14615,     0.14715,     0.14815,     0.14915,     0.15015,     0.15115,     0.15215,     0.15315,     0.15415,     0.15516,     0.15616,     0.15716,     0.15816,     0.15916,     0.16016,     0.16116,     0.16216,     0.16316,     0.16416,     0.16517,     0.16617,     0.16717,
           0.16817,     0.16917,     0.17017,     0.17117,     0.17217,     0.17317,     0.17417,     0.17518,     0.17618,     0.17718,     0.17818,     0.17918,     0.18018,     0.18118,     0.18218,     0.18318,     0.18418,     0.18519,     0.18619,     0.18719,     0.18819,     0.18919,     0.19019,     0.19119,
           0.19219,     0.19319,     0.19419,      0.1952,      0.1962,      0.1972,      0.1982,      0.1992,      0.2002,      0.2012,      0.2022,      0.2032,      0.2042,     0.20521,     0.20621,     0.20721,     0.20821,     0.20921,     0.21021,     0.21121,     0.21221,     0.21321,     0.21421,     0.21522,
           0.21622,     0.21722,     0.21822,     0.21922,     0.22022,     0.22122,     0.22222,     0.22322,     0.22422,     0.22523,     0.22623,     0.22723,     0.22823,     0.22923,     0.23023,     0.23123,     0.23223,     0.23323,     0.23423,     0.23524,     0.23624,     0.23724,     0.23824,     0.23924,
           0.24024,     0.24124,     0.24224,     0.24324,     0.24424,     0.24525,     0.24625,     0.24725,     0.24825,     0.24925,     0.25025,     0.25125,     0.25225,     0.25325,     0.25425,     0.25526,     0.25626,     0.25726,     0.25826,     0.25926,     0.26026,     0.26126,     0.26226,     0.26326,
           0.26426,     0.26527,     0.26627,     0.26727,     0.26827,     0.26927,     0.27027,     0.27127,     0.27227,     0.27327,     0.27427,     0.27528,     0.27628,     0.27728,     0.27828,     0.27928,     0.28028,     0.28128,     0.28228,     0.28328,     0.28428,     0.28529,     0.28629,     0.28729,
           0.28829,     0.28929,     0.29029,     0.29129,     0.29229,     0.29329,     0.29429,      0.2953,      0.2963,      0.2973,      0.2983,      0.2993,      0.3003,      0.3013,      0.3023,      0.3033,      0.3043,     0.30531,     0.30631,     0.30731,     0.30831,     0.30931,     0.31031,     0.31131,
           0.31231,     0.31331,     0.31431,     0.31532,     0.31632,     0.31732,     0.31832,     0.31932,     0.32032,     0.32132,     0.32232,     0.32332,     0.32432,     0.32533,     0.32633,     0.32733,     0.32833,     0.32933,     0.33033,     0.33133,     0.33233,     0.33333,     0.33433,     0.33534,
           0.33634,     0.33734,     0.33834,     0.33934,     0.34034,     0.34134,     0.34234,     0.34334,     0.34434,     0.34535,     0.34635,     0.34735,     0.34835,     0.34935,     0.35035,     0.35135,     0.35235,     0.35335,     0.35435,     0.35536,     0.35636,     0.35736,     0.35836,     0.35936,
           0.36036,     0.36136,     0.36236,     0.36336,     0.36436,     0.36537,     0.36637,     0.36737,     0.36837,     0.36937,     0.37037,     0.37137,     0.37237,     0.37337,     0.37437,     0.37538,     0.37638,     0.37738,     0.37838,     0.37938,     0.38038,     0.38138,     0.38238,     0.38338,
           0.38438,     0.38539,     0.38639,     0.38739,     0.38839,     0.38939,     0.39039,     0.39139,     0.39239,     0.39339,     0.39439,      0.3954,      0.3964,      0.3974,      0.3984,      0.3994,      0.4004,      0.4014,      0.4024,      0.4034,      0.4044,     0.40541,     0.40641,     0.40741,
           0.40841,     0.40941,     0.41041,     0.41141,     0.41241,     0.41341,     0.41441,     0.41542,     0.41642,     0.41742,     0.41842,     0.41942,     0.42042,     0.42142,     0.42242,     0.42342,     0.42442,     0.42543,     0.42643,     0.42743,     0.42843,     0.42943,     0.43043,     0.43143,
           0.43243,     0.43343,     0.43443,     0.43544,     0.43644,     0.43744,     0.43844,     0.43944,     0.44044,     0.44144,     0.44244,     0.44344,     0.44444,     0.44545,     0.44645,     0.44745,     0.44845,     0.44945,     0.45045,     0.45145,     0.45245,     0.45345,     0.45445,     0.45546,
           0.45646,     0.45746,     0.45846,     0.45946,     0.46046,     0.46146,     0.46246,     0.46346,     0.46446,     0.46547,     0.46647,     0.46747,     0.46847,     0.46947,     0.47047,     0.47147,     0.47247,     0.47347,     0.47447,     0.47548,     0.47648,     0.47748,     0.47848,     0.47948,
           0.48048,     0.48148,     0.48248,     0.48348,     0.48448,     0.48549,     0.48649,     0.48749,     0.48849,     0.48949,     0.49049,     0.49149,     0.49249,     0.49349,     0.49449,      0.4955,      0.4965,      0.4975,      0.4985,      0.4995,      0.5005,      0.5015,      0.5025,      0.5035,
            0.5045,     0.50551,     0.50651,     0.50751,     0.50851,     0.50951,     0.51051,     0.51151,     0.51251,     0.51351,     0.51451,     0.51552,     0.51652,     0.51752,     0.51852,     0.51952,     0.52052,     0.52152,     0.52252,     0.52352,     0.52452,     0.52553,     0.52653,     0.52753,
           0.52853,     0.52953,     0.53053,     0.53153,     0.53253,     0.53353,     0.53453,     0.53554,     0.53654,     0.53754,     0.53854,     0.53954,     0.54054,     0.54154,     0.54254,     0.54354,     0.54454,     0.54555,     0.54655,     0.54755,     0.54855,     0.54955,     0.55055,     0.55155,
           0.55255,     0.55355,     0.55455,     0.55556,     0.55656,     0.55756,     0.55856,     0.55956,     0.56056,     0.56156,     0.56256,     0.56356,     0.56456,     0.56557,     0.56657,     0.56757,     0.56857,     0.56957,     0.57057,     0.57157,     0.57257,     0.57357,     0.57457,     0.57558,
           0.57658,     0.57758,     0.57858,     0.57958,     0.58058,     0.58158,     0.58258,     0.58358,     0.58458,     0.58559,     0.58659,     0.58759,     0.58859,     0.58959,     0.59059,     0.59159,     0.59259,     0.59359,     0.59459,      0.5956,      0.5966,      0.5976,      0.5986,      0.5996,
            0.6006,      0.6016,      0.6026,      0.6036,      0.6046,     0.60561,     0.60661,     0.60761,     0.60861,     0.60961,     0.61061,     0.61161,     0.61261,     0.61361,     0.61461,     0.61562,     0.61662,     0.61762,     0.61862,     0.61962,     0.62062,     0.62162,     0.62262,     0.62362,
           0.62462,     0.62563,     0.62663,     0.62763,     0.62863,     0.62963,     0.63063,     0.63163,     0.63263,     0.63363,     0.63463,     0.63564,     0.63664,     0.63764,     0.63864,     0.63964,     0.64064,     0.64164,     0.64264,     0.64364,     0.64464,     0.64565,     0.64665,     0.64765,
           0.64865,     0.64965,     0.65065,     0.65165,     0.65265,     0.65365,     0.65465,     0.65566,     0.65666,     0.65766,     0.65866,     0.65966,     0.66066,     0.66166,     0.66266,     0.66366,     0.66466,     0.66567,     0.66667,     0.66767,     0.66867,     0.66967,     0.67067,     0.67167,
           0.67267,     0.67367,     0.67467,     0.67568,     0.67668,     0.67768,     0.67868,     0.67968,     0.68068,     0.68168,     0.68268,     0.68368,     0.68468,     0.68569,     0.68669,     0.68769,     0.68869,     0.68969,     0.69069,     0.69169,     0.69269,     0.69369,     0.69469,      0.6957,
            0.6967,      0.6977,      0.6987,      0.6997,      0.7007,      0.7017,      0.7027,      0.7037,      0.7047,     0.70571,     0.70671,     0.70771,     0.70871,     0.70971,     0.71071,     0.71171,     0.71271,     0.71371,     0.71471,     0.71572,     0.71672,     0.71772,     0.71872,     0.71972,
           0.72072,     0.72172,     0.72272,     0.72372,     0.72472,     0.72573,     0.72673,     0.72773,     0.72873,     0.72973,     0.73073,     0.73173,     0.73273,     0.73373,     0.73473,     0.73574,     0.73674,     0.73774,     0.73874,     0.73974,     0.74074,     0.74174,     0.74274,     0.74374,
           0.74474,     0.74575,     0.74675,     0.74775,     0.74875,     0.74975,     0.75075,     0.75175,     0.75275,     0.75375,     0.75475,     0.75576,     0.75676,     0.75776,     0.75876,     0.75976,     0.76076,     0.76176,     0.76276,     0.76376,     0.76476,     0.76577,     0.76677,     0.76777,
           0.76877,     0.76977,     0.77077,     0.77177,     0.77277,     0.77377,     0.77477,     0.77578,     0.77678,     0.77778,     0.77878,     0.77978,     0.78078,     0.78178,     0.78278,     0.78378,     0.78478,     0.78579,     0.78679,     0.78779,     0.78879,     0.78979,     0.79079,     0.79179,
           0.79279,     0.79379,     0.79479,      0.7958,      0.7968,      0.7978,      0.7988,      0.7998,      0.8008,      0.8018,      0.8028,      0.8038,      0.8048,     0.80581,     0.80681,     0.80781,     0.80881,     0.80981,     0.81081,     0.81181,     0.81281,     0.81381,     0.81481,     0.81582,
           0.81682,     0.81782,     0.81882,     0.81982,     0.82082,     0.82182,     0.82282,     0.82382,     0.82482,     0.82583,     0.82683,     0.82783,     0.82883,     0.82983,     0.83083,     0.83183,     0.83283,     0.83383,     0.83483,     0.83584,     0.83684,     0.83784,     0.83884,     0.83984,
           0.84084,     0.84184,     0.84284,     0.84384,     0.84484,     0.84585,     0.84685,     0.84785,     0.84885,     0.84985,     0.85085,     0.85185,     0.85285,     0.85385,     0.85485,     0.85586,     0.85686,     0.85786,     0.85886,     0.85986,     0.86086,     0.86186,     0.86286,     0.86386,
           0.86486,     0.86587,     0.86687,     0.86787,     0.86887,     0.86987,     0.87087,     0.87187,     0.87287,     0.87387,     0.87487,     0.87588,     0.87688,     0.87788,     0.87888,     0.87988,     0.88088,     0.88188,     0.88288,     0.88388,     0.88488,     0.88589,     0.88689,     0.88789,
           0.88889,     0.88989,     0.89089,     0.89189,     0.89289,     0.89389,     0.89489,      0.8959,      0.8969,      0.8979,      0.8989,      0.8999,      0.9009,      0.9019,      0.9029,      0.9039,      0.9049,     0.90591,     0.90691,     0.90791,     0.90891,     0.90991,     0.91091,     0.91191,
           0.91291,     0.91391,     0.91491,     0.91592,     0.91692,     0.91792,     0.91892,     0.91992,     0.92092,     0.92192,     0.92292,     0.92392,     0.92492,     0.92593,     0.92693,     0.92793,     0.92893,     0.92993,     0.93093,     0.93193,     0.93293,     0.93393,     0.93493,     0.93594,
           0.93694,     0.93794,     0.93894,     0.93994,     0.94094,     0.94194,     0.94294,     0.94394,     0.94494,     0.94595,     0.94695,     0.94795,     0.94895,     0.94995,     0.95095,     0.95195,     0.95295,     0.95395,     0.95495,     0.95596,     0.95696,     0.95796,     0.95896,     0.95996,
           0.96096,     0.96196,     0.96296,     0.96396,     0.96496,     0.96597,     0.96697,     0.96797,     0.96897,     0.96997,     0.97097,     0.97197,     0.97297,     0.97397,     0.97497,     0.97598,     0.97698,     0.97798,     0.97898,     0.97998,     0.98098,     0.98198,     0.98298,     0.98398,
           0.98498,     0.98599,     0.98699,     0.98799,     0.98899,     0.98999,     0.99099,     0.99199,     0.99299,     0.99399,     0.99499,       0.996,       0.997,       0.998,       0.999,           1]), array([[   0.057263,    0.057263,     0.06065, ...,           0,           0,           0],
       [   0.039698,    0.039698,    0.041464, ...,           0,           0,           0],
       [   0.045046,    0.045046,    0.046711, ...,           0,           0,           0],
       ...,
       [          0,           0,           0, ...,           0,           0,           0],
       [          0,           0,           0, ...,           0,           0,           0],
       [          0,           0,           0, ...,           0,           0,           0]]), 'Confidence', 'F1'], [array([          0,    0.001001,    0.002002,    0.003003,    0.004004,    0.005005,    0.006006,    0.007007,    0.008008,    0.009009,     0.01001,    0.011011,    0.012012,    0.013013,    0.014014,    0.015015,    0.016016,    0.017017,    0.018018,    0.019019,     0.02002,    0.021021,    0.022022,    0.023023,
          0.024024,    0.025025,    0.026026,    0.027027,    0.028028,    0.029029,     0.03003,    0.031031,    0.032032,    0.033033,    0.034034,    0.035035,    0.036036,    0.037037,    0.038038,    0.039039,     0.04004,    0.041041,    0.042042,    0.043043,    0.044044,    0.045045,    0.046046,    0.047047,
          0.048048,    0.049049,     0.05005,    0.051051,    0.052052,    0.053053,    0.054054,    0.055055,    0.056056,    0.057057,    0.058058,    0.059059,     0.06006,    0.061061,    0.062062,    0.063063,    0.064064,    0.065065,    0.066066,    0.067067,    0.068068,    0.069069,     0.07007,    0.071071,
          0.072072,    0.073073,    0.074074,    0.075075,    0.076076,    0.077077,    0.078078,    0.079079,     0.08008,    0.081081,    0.082082,    0.083083,    0.084084,    0.085085,    0.086086,    0.087087,    0.088088,    0.089089,     0.09009,    0.091091,    0.092092,    0.093093,    0.094094,    0.095095,
          0.096096,    0.097097,    0.098098,    0.099099,      0.1001,      0.1011,      0.1021,      0.1031,      0.1041,     0.10511,     0.10611,     0.10711,     0.10811,     0.10911,     0.11011,     0.11111,     0.11211,     0.11311,     0.11411,     0.11512,     0.11612,     0.11712,     0.11812,     0.11912,
           0.12012,     0.12112,     0.12212,     0.12312,     0.12412,     0.12513,     0.12613,     0.12713,     0.12813,     0.12913,     0.13013,     0.13113,     0.13213,     0.13313,     0.13413,     0.13514,     0.13614,     0.13714,     0.13814,     0.13914,     0.14014,     0.14114,     0.14214,     0.14314,
           0.14414,     0.14515,     0.14615,     0.14715,     0.14815,     0.14915,     0.15015,     0.15115,     0.15215,     0.15315,     0.15415,     0.15516,     0.15616,     0.15716,     0.15816,     0.15916,     0.16016,     0.16116,     0.16216,     0.16316,     0.16416,     0.16517,     0.16617,     0.16717,
           0.16817,     0.16917,     0.17017,     0.17117,     0.17217,     0.17317,     0.17417,     0.17518,     0.17618,     0.17718,     0.17818,     0.17918,     0.18018,     0.18118,     0.18218,     0.18318,     0.18418,     0.18519,     0.18619,     0.18719,     0.18819,     0.18919,     0.19019,     0.19119,
           0.19219,     0.19319,     0.19419,      0.1952,      0.1962,      0.1972,      0.1982,      0.1992,      0.2002,      0.2012,      0.2022,      0.2032,      0.2042,     0.20521,     0.20621,     0.20721,     0.20821,     0.20921,     0.21021,     0.21121,     0.21221,     0.21321,     0.21421,     0.21522,
           0.21622,     0.21722,     0.21822,     0.21922,     0.22022,     0.22122,     0.22222,     0.22322,     0.22422,     0.22523,     0.22623,     0.22723,     0.22823,     0.22923,     0.23023,     0.23123,     0.23223,     0.23323,     0.23423,     0.23524,     0.23624,     0.23724,     0.23824,     0.23924,
           0.24024,     0.24124,     0.24224,     0.24324,     0.24424,     0.24525,     0.24625,     0.24725,     0.24825,     0.24925,     0.25025,     0.25125,     0.25225,     0.25325,     0.25425,     0.25526,     0.25626,     0.25726,     0.25826,     0.25926,     0.26026,     0.26126,     0.26226,     0.26326,
           0.26426,     0.26527,     0.26627,     0.26727,     0.26827,     0.26927,     0.27027,     0.27127,     0.27227,     0.27327,     0.27427,     0.27528,     0.27628,     0.27728,     0.27828,     0.27928,     0.28028,     0.28128,     0.28228,     0.28328,     0.28428,     0.28529,     0.28629,     0.28729,
           0.28829,     0.28929,     0.29029,     0.29129,     0.29229,     0.29329,     0.29429,      0.2953,      0.2963,      0.2973,      0.2983,      0.2993,      0.3003,      0.3013,      0.3023,      0.3033,      0.3043,     0.30531,     0.30631,     0.30731,     0.30831,     0.30931,     0.31031,     0.31131,
           0.31231,     0.31331,     0.31431,     0.31532,     0.31632,     0.31732,     0.31832,     0.31932,     0.32032,     0.32132,     0.32232,     0.32332,     0.32432,     0.32533,     0.32633,     0.32733,     0.32833,     0.32933,     0.33033,     0.33133,     0.33233,     0.33333,     0.33433,     0.33534,
           0.33634,     0.33734,     0.33834,     0.33934,     0.34034,     0.34134,     0.34234,     0.34334,     0.34434,     0.34535,     0.34635,     0.34735,     0.34835,     0.34935,     0.35035,     0.35135,     0.35235,     0.35335,     0.35435,     0.35536,     0.35636,     0.35736,     0.35836,     0.35936,
           0.36036,     0.36136,     0.36236,     0.36336,     0.36436,     0.36537,     0.36637,     0.36737,     0.36837,     0.36937,     0.37037,     0.37137,     0.37237,     0.37337,     0.37437,     0.37538,     0.37638,     0.37738,     0.37838,     0.37938,     0.38038,     0.38138,     0.38238,     0.38338,
           0.38438,     0.38539,     0.38639,     0.38739,     0.38839,     0.38939,     0.39039,     0.39139,     0.39239,     0.39339,     0.39439,      0.3954,      0.3964,      0.3974,      0.3984,      0.3994,      0.4004,      0.4014,      0.4024,      0.4034,      0.4044,     0.40541,     0.40641,     0.40741,
           0.40841,     0.40941,     0.41041,     0.41141,     0.41241,     0.41341,     0.41441,     0.41542,     0.41642,     0.41742,     0.41842,     0.41942,     0.42042,     0.42142,     0.42242,     0.42342,     0.42442,     0.42543,     0.42643,     0.42743,     0.42843,     0.42943,     0.43043,     0.43143,
           0.43243,     0.43343,     0.43443,     0.43544,     0.43644,     0.43744,     0.43844,     0.43944,     0.44044,     0.44144,     0.44244,     0.44344,     0.44444,     0.44545,     0.44645,     0.44745,     0.44845,     0.44945,     0.45045,     0.45145,     0.45245,     0.45345,     0.45445,     0.45546,
           0.45646,     0.45746,     0.45846,     0.45946,     0.46046,     0.46146,     0.46246,     0.46346,     0.46446,     0.46547,     0.46647,     0.46747,     0.46847,     0.46947,     0.47047,     0.47147,     0.47247,     0.47347,     0.47447,     0.47548,     0.47648,     0.47748,     0.47848,     0.47948,
           0.48048,     0.48148,     0.48248,     0.48348,     0.48448,     0.48549,     0.48649,     0.48749,     0.48849,     0.48949,     0.49049,     0.49149,     0.49249,     0.49349,     0.49449,      0.4955,      0.4965,      0.4975,      0.4985,      0.4995,      0.5005,      0.5015,      0.5025,      0.5035,
            0.5045,     0.50551,     0.50651,     0.50751,     0.50851,     0.50951,     0.51051,     0.51151,     0.51251,     0.51351,     0.51451,     0.51552,     0.51652,     0.51752,     0.51852,     0.51952,     0.52052,     0.52152,     0.52252,     0.52352,     0.52452,     0.52553,     0.52653,     0.52753,
           0.52853,     0.52953,     0.53053,     0.53153,     0.53253,     0.53353,     0.53453,     0.53554,     0.53654,     0.53754,     0.53854,     0.53954,     0.54054,     0.54154,     0.54254,     0.54354,     0.54454,     0.54555,     0.54655,     0.54755,     0.54855,     0.54955,     0.55055,     0.55155,
           0.55255,     0.55355,     0.55455,     0.55556,     0.55656,     0.55756,     0.55856,     0.55956,     0.56056,     0.56156,     0.56256,     0.56356,     0.56456,     0.56557,     0.56657,     0.56757,     0.56857,     0.56957,     0.57057,     0.57157,     0.57257,     0.57357,     0.57457,     0.57558,
           0.57658,     0.57758,     0.57858,     0.57958,     0.58058,     0.58158,     0.58258,     0.58358,     0.58458,     0.58559,     0.58659,     0.58759,     0.58859,     0.58959,     0.59059,     0.59159,     0.59259,     0.59359,     0.59459,      0.5956,      0.5966,      0.5976,      0.5986,      0.5996,
            0.6006,      0.6016,      0.6026,      0.6036,      0.6046,     0.60561,     0.60661,     0.60761,     0.60861,     0.60961,     0.61061,     0.61161,     0.61261,     0.61361,     0.61461,     0.61562,     0.61662,     0.61762,     0.61862,     0.61962,     0.62062,     0.62162,     0.62262,     0.62362,
           0.62462,     0.62563,     0.62663,     0.62763,     0.62863,     0.62963,     0.63063,     0.63163,     0.63263,     0.63363,     0.63463,     0.63564,     0.63664,     0.63764,     0.63864,     0.63964,     0.64064,     0.64164,     0.64264,     0.64364,     0.64464,     0.64565,     0.64665,     0.64765,
           0.64865,     0.64965,     0.65065,     0.65165,     0.65265,     0.65365,     0.65465,     0.65566,     0.65666,     0.65766,     0.65866,     0.65966,     0.66066,     0.66166,     0.66266,     0.66366,     0.66466,     0.66567,     0.66667,     0.66767,     0.66867,     0.66967,     0.67067,     0.67167,
           0.67267,     0.67367,     0.67467,     0.67568,     0.67668,     0.67768,     0.67868,     0.67968,     0.68068,     0.68168,     0.68268,     0.68368,     0.68468,     0.68569,     0.68669,     0.68769,     0.68869,     0.68969,     0.69069,     0.69169,     0.69269,     0.69369,     0.69469,      0.6957,
            0.6967,      0.6977,      0.6987,      0.6997,      0.7007,      0.7017,      0.7027,      0.7037,      0.7047,     0.70571,     0.70671,     0.70771,     0.70871,     0.70971,     0.71071,     0.71171,     0.71271,     0.71371,     0.71471,     0.71572,     0.71672,     0.71772,     0.71872,     0.71972,
           0.72072,     0.72172,     0.72272,     0.72372,     0.72472,     0.72573,     0.72673,     0.72773,     0.72873,     0.72973,     0.73073,     0.73173,     0.73273,     0.73373,     0.73473,     0.73574,     0.73674,     0.73774,     0.73874,     0.73974,     0.74074,     0.74174,     0.74274,     0.74374,
           0.74474,     0.74575,     0.74675,     0.74775,     0.74875,     0.74975,     0.75075,     0.75175,     0.75275,     0.75375,     0.75475,     0.75576,     0.75676,     0.75776,     0.75876,     0.75976,     0.76076,     0.76176,     0.76276,     0.76376,     0.76476,     0.76577,     0.76677,     0.76777,
           0.76877,     0.76977,     0.77077,     0.77177,     0.77277,     0.77377,     0.77477,     0.77578,     0.77678,     0.77778,     0.77878,     0.77978,     0.78078,     0.78178,     0.78278,     0.78378,     0.78478,     0.78579,     0.78679,     0.78779,     0.78879,     0.78979,     0.79079,     0.79179,
           0.79279,     0.79379,     0.79479,      0.7958,      0.7968,      0.7978,      0.7988,      0.7998,      0.8008,      0.8018,      0.8028,      0.8038,      0.8048,     0.80581,     0.80681,     0.80781,     0.80881,     0.80981,     0.81081,     0.81181,     0.81281,     0.81381,     0.81481,     0.81582,
           0.81682,     0.81782,     0.81882,     0.81982,     0.82082,     0.82182,     0.82282,     0.82382,     0.82482,     0.82583,     0.82683,     0.82783,     0.82883,     0.82983,     0.83083,     0.83183,     0.83283,     0.83383,     0.83483,     0.83584,     0.83684,     0.83784,     0.83884,     0.83984,
           0.84084,     0.84184,     0.84284,     0.84384,     0.84484,     0.84585,     0.84685,     0.84785,     0.84885,     0.84985,     0.85085,     0.85185,     0.85285,     0.85385,     0.85485,     0.85586,     0.85686,     0.85786,     0.85886,     0.85986,     0.86086,     0.86186,     0.86286,     0.86386,
           0.86486,     0.86587,     0.86687,     0.86787,     0.86887,     0.86987,     0.87087,     0.87187,     0.87287,     0.87387,     0.87487,     0.87588,     0.87688,     0.87788,     0.87888,     0.87988,     0.88088,     0.88188,     0.88288,     0.88388,     0.88488,     0.88589,     0.88689,     0.88789,
           0.88889,     0.88989,     0.89089,     0.89189,     0.89289,     0.89389,     0.89489,      0.8959,      0.8969,      0.8979,      0.8989,      0.8999,      0.9009,      0.9019,      0.9029,      0.9039,      0.9049,     0.90591,     0.90691,     0.90791,     0.90891,     0.90991,     0.91091,     0.91191,
           0.91291,     0.91391,     0.91491,     0.91592,     0.91692,     0.91792,     0.91892,     0.91992,     0.92092,     0.92192,     0.92292,     0.92392,     0.92492,     0.92593,     0.92693,     0.92793,     0.92893,     0.92993,     0.93093,     0.93193,     0.93293,     0.93393,     0.93493,     0.93594,
           0.93694,     0.93794,     0.93894,     0.93994,     0.94094,     0.94194,     0.94294,     0.94394,     0.94494,     0.94595,     0.94695,     0.94795,     0.94895,     0.94995,     0.95095,     0.95195,     0.95295,     0.95395,     0.95495,     0.95596,     0.95696,     0.95796,     0.95896,     0.95996,
           0.96096,     0.96196,     0.96296,     0.96396,     0.96496,     0.96597,     0.96697,     0.96797,     0.96897,     0.96997,     0.97097,     0.97197,     0.97297,     0.97397,     0.97497,     0.97598,     0.97698,     0.97798,     0.97898,     0.97998,     0.98098,     0.98198,     0.98298,     0.98398,
           0.98498,     0.98599,     0.98699,     0.98799,     0.98899,     0.98999,     0.99099,     0.99199,     0.99299,     0.99399,     0.99499,       0.996,       0.997,       0.998,       0.999,           1]), array([[   0.029645,    0.029645,    0.031464, ...,           1,           1,           1],
       [   0.020432,    0.020432,    0.021369, ...,           1,           1,           1],
       [   0.023148,    0.023148,    0.024028, ...,           1,           1,           1],
       ...,
       [          0,           0,           0, ...,           0,           0,           0],
       [          0,           0,           0, ...,           0,           0,           0],
       [          0,           0,           1, ...,           1,           1,           1]]), 'Confidence', 'Precision'], [array([          0,    0.001001,    0.002002,    0.003003,    0.004004,    0.005005,    0.006006,    0.007007,    0.008008,    0.009009,     0.01001,    0.011011,    0.012012,    0.013013,    0.014014,    0.015015,    0.016016,    0.017017,    0.018018,    0.019019,     0.02002,    0.021021,    0.022022,    0.023023,
          0.024024,    0.025025,    0.026026,    0.027027,    0.028028,    0.029029,     0.03003,    0.031031,    0.032032,    0.033033,    0.034034,    0.035035,    0.036036,    0.037037,    0.038038,    0.039039,     0.04004,    0.041041,    0.042042,    0.043043,    0.044044,    0.045045,    0.046046,    0.047047,
          0.048048,    0.049049,     0.05005,    0.051051,    0.052052,    0.053053,    0.054054,    0.055055,    0.056056,    0.057057,    0.058058,    0.059059,     0.06006,    0.061061,    0.062062,    0.063063,    0.064064,    0.065065,    0.066066,    0.067067,    0.068068,    0.069069,     0.07007,    0.071071,
          0.072072,    0.073073,    0.074074,    0.075075,    0.076076,    0.077077,    0.078078,    0.079079,     0.08008,    0.081081,    0.082082,    0.083083,    0.084084,    0.085085,    0.086086,    0.087087,    0.088088,    0.089089,     0.09009,    0.091091,    0.092092,    0.093093,    0.094094,    0.095095,
          0.096096,    0.097097,    0.098098,    0.099099,      0.1001,      0.1011,      0.1021,      0.1031,      0.1041,     0.10511,     0.10611,     0.10711,     0.10811,     0.10911,     0.11011,     0.11111,     0.11211,     0.11311,     0.11411,     0.11512,     0.11612,     0.11712,     0.11812,     0.11912,
           0.12012,     0.12112,     0.12212,     0.12312,     0.12412,     0.12513,     0.12613,     0.12713,     0.12813,     0.12913,     0.13013,     0.13113,     0.13213,     0.13313,     0.13413,     0.13514,     0.13614,     0.13714,     0.13814,     0.13914,     0.14014,     0.14114,     0.14214,     0.14314,
           0.14414,     0.14515,     0.14615,     0.14715,     0.14815,     0.14915,     0.15015,     0.15115,     0.15215,     0.15315,     0.15415,     0.15516,     0.15616,     0.15716,     0.15816,     0.15916,     0.16016,     0.16116,     0.16216,     0.16316,     0.16416,     0.16517,     0.16617,     0.16717,
           0.16817,     0.16917,     0.17017,     0.17117,     0.17217,     0.17317,     0.17417,     0.17518,     0.17618,     0.17718,     0.17818,     0.17918,     0.18018,     0.18118,     0.18218,     0.18318,     0.18418,     0.18519,     0.18619,     0.18719,     0.18819,     0.18919,     0.19019,     0.19119,
           0.19219,     0.19319,     0.19419,      0.1952,      0.1962,      0.1972,      0.1982,      0.1992,      0.2002,      0.2012,      0.2022,      0.2032,      0.2042,     0.20521,     0.20621,     0.20721,     0.20821,     0.20921,     0.21021,     0.21121,     0.21221,     0.21321,     0.21421,     0.21522,
           0.21622,     0.21722,     0.21822,     0.21922,     0.22022,     0.22122,     0.22222,     0.22322,     0.22422,     0.22523,     0.22623,     0.22723,     0.22823,     0.22923,     0.23023,     0.23123,     0.23223,     0.23323,     0.23423,     0.23524,     0.23624,     0.23724,     0.23824,     0.23924,
           0.24024,     0.24124,     0.24224,     0.24324,     0.24424,     0.24525,     0.24625,     0.24725,     0.24825,     0.24925,     0.25025,     0.25125,     0.25225,     0.25325,     0.25425,     0.25526,     0.25626,     0.25726,     0.25826,     0.25926,     0.26026,     0.26126,     0.26226,     0.26326,
           0.26426,     0.26527,     0.26627,     0.26727,     0.26827,     0.26927,     0.27027,     0.27127,     0.27227,     0.27327,     0.27427,     0.27528,     0.27628,     0.27728,     0.27828,     0.27928,     0.28028,     0.28128,     0.28228,     0.28328,     0.28428,     0.28529,     0.28629,     0.28729,
           0.28829,     0.28929,     0.29029,     0.29129,     0.29229,     0.29329,     0.29429,      0.2953,      0.2963,      0.2973,      0.2983,      0.2993,      0.3003,      0.3013,      0.3023,      0.3033,      0.3043,     0.30531,     0.30631,     0.30731,     0.30831,     0.30931,     0.31031,     0.31131,
           0.31231,     0.31331,     0.31431,     0.31532,     0.31632,     0.31732,     0.31832,     0.31932,     0.32032,     0.32132,     0.32232,     0.32332,     0.32432,     0.32533,     0.32633,     0.32733,     0.32833,     0.32933,     0.33033,     0.33133,     0.33233,     0.33333,     0.33433,     0.33534,
           0.33634,     0.33734,     0.33834,     0.33934,     0.34034,     0.34134,     0.34234,     0.34334,     0.34434,     0.34535,     0.34635,     0.34735,     0.34835,     0.34935,     0.35035,     0.35135,     0.35235,     0.35335,     0.35435,     0.35536,     0.35636,     0.35736,     0.35836,     0.35936,
           0.36036,     0.36136,     0.36236,     0.36336,     0.36436,     0.36537,     0.36637,     0.36737,     0.36837,     0.36937,     0.37037,     0.37137,     0.37237,     0.37337,     0.37437,     0.37538,     0.37638,     0.37738,     0.37838,     0.37938,     0.38038,     0.38138,     0.38238,     0.38338,
           0.38438,     0.38539,     0.38639,     0.38739,     0.38839,     0.38939,     0.39039,     0.39139,     0.39239,     0.39339,     0.39439,      0.3954,      0.3964,      0.3974,      0.3984,      0.3994,      0.4004,      0.4014,      0.4024,      0.4034,      0.4044,     0.40541,     0.40641,     0.40741,
           0.40841,     0.40941,     0.41041,     0.41141,     0.41241,     0.41341,     0.41441,     0.41542,     0.41642,     0.41742,     0.41842,     0.41942,     0.42042,     0.42142,     0.42242,     0.42342,     0.42442,     0.42543,     0.42643,     0.42743,     0.42843,     0.42943,     0.43043,     0.43143,
           0.43243,     0.43343,     0.43443,     0.43544,     0.43644,     0.43744,     0.43844,     0.43944,     0.44044,     0.44144,     0.44244,     0.44344,     0.44444,     0.44545,     0.44645,     0.44745,     0.44845,     0.44945,     0.45045,     0.45145,     0.45245,     0.45345,     0.45445,     0.45546,
           0.45646,     0.45746,     0.45846,     0.45946,     0.46046,     0.46146,     0.46246,     0.46346,     0.46446,     0.46547,     0.46647,     0.46747,     0.46847,     0.46947,     0.47047,     0.47147,     0.47247,     0.47347,     0.47447,     0.47548,     0.47648,     0.47748,     0.47848,     0.47948,
           0.48048,     0.48148,     0.48248,     0.48348,     0.48448,     0.48549,     0.48649,     0.48749,     0.48849,     0.48949,     0.49049,     0.49149,     0.49249,     0.49349,     0.49449,      0.4955,      0.4965,      0.4975,      0.4985,      0.4995,      0.5005,      0.5015,      0.5025,      0.5035,
            0.5045,     0.50551,     0.50651,     0.50751,     0.50851,     0.50951,     0.51051,     0.51151,     0.51251,     0.51351,     0.51451,     0.51552,     0.51652,     0.51752,     0.51852,     0.51952,     0.52052,     0.52152,     0.52252,     0.52352,     0.52452,     0.52553,     0.52653,     0.52753,
           0.52853,     0.52953,     0.53053,     0.53153,     0.53253,     0.53353,     0.53453,     0.53554,     0.53654,     0.53754,     0.53854,     0.53954,     0.54054,     0.54154,     0.54254,     0.54354,     0.54454,     0.54555,     0.54655,     0.54755,     0.54855,     0.54955,     0.55055,     0.55155,
           0.55255,     0.55355,     0.55455,     0.55556,     0.55656,     0.55756,     0.55856,     0.55956,     0.56056,     0.56156,     0.56256,     0.56356,     0.56456,     0.56557,     0.56657,     0.56757,     0.56857,     0.56957,     0.57057,     0.57157,     0.57257,     0.57357,     0.57457,     0.57558,
           0.57658,     0.57758,     0.57858,     0.57958,     0.58058,     0.58158,     0.58258,     0.58358,     0.58458,     0.58559,     0.58659,     0.58759,     0.58859,     0.58959,     0.59059,     0.59159,     0.59259,     0.59359,     0.59459,      0.5956,      0.5966,      0.5976,      0.5986,      0.5996,
            0.6006,      0.6016,      0.6026,      0.6036,      0.6046,     0.60561,     0.60661,     0.60761,     0.60861,     0.60961,     0.61061,     0.61161,     0.61261,     0.61361,     0.61461,     0.61562,     0.61662,     0.61762,     0.61862,     0.61962,     0.62062,     0.62162,     0.62262,     0.62362,
           0.62462,     0.62563,     0.62663,     0.62763,     0.62863,     0.62963,     0.63063,     0.63163,     0.63263,     0.63363,     0.63463,     0.63564,     0.63664,     0.63764,     0.63864,     0.63964,     0.64064,     0.64164,     0.64264,     0.64364,     0.64464,     0.64565,     0.64665,     0.64765,
           0.64865,     0.64965,     0.65065,     0.65165,     0.65265,     0.65365,     0.65465,     0.65566,     0.65666,     0.65766,     0.65866,     0.65966,     0.66066,     0.66166,     0.66266,     0.66366,     0.66466,     0.66567,     0.66667,     0.66767,     0.66867,     0.66967,     0.67067,     0.67167,
           0.67267,     0.67367,     0.67467,     0.67568,     0.67668,     0.67768,     0.67868,     0.67968,     0.68068,     0.68168,     0.68268,     0.68368,     0.68468,     0.68569,     0.68669,     0.68769,     0.68869,     0.68969,     0.69069,     0.69169,     0.69269,     0.69369,     0.69469,      0.6957,
            0.6967,      0.6977,      0.6987,      0.6997,      0.7007,      0.7017,      0.7027,      0.7037,      0.7047,     0.70571,     0.70671,     0.70771,     0.70871,     0.70971,     0.71071,     0.71171,     0.71271,     0.71371,     0.71471,     0.71572,     0.71672,     0.71772,     0.71872,     0.71972,
           0.72072,     0.72172,     0.72272,     0.72372,     0.72472,     0.72573,     0.72673,     0.72773,     0.72873,     0.72973,     0.73073,     0.73173,     0.73273,     0.73373,     0.73473,     0.73574,     0.73674,     0.73774,     0.73874,     0.73974,     0.74074,     0.74174,     0.74274,     0.74374,
           0.74474,     0.74575,     0.74675,     0.74775,     0.74875,     0.74975,     0.75075,     0.75175,     0.75275,     0.75375,     0.75475,     0.75576,     0.75676,     0.75776,     0.75876,     0.75976,     0.76076,     0.76176,     0.76276,     0.76376,     0.76476,     0.76577,     0.76677,     0.76777,
           0.76877,     0.76977,     0.77077,     0.77177,     0.77277,     0.77377,     0.77477,     0.77578,     0.77678,     0.77778,     0.77878,     0.77978,     0.78078,     0.78178,     0.78278,     0.78378,     0.78478,     0.78579,     0.78679,     0.78779,     0.78879,     0.78979,     0.79079,     0.79179,
           0.79279,     0.79379,     0.79479,      0.7958,      0.7968,      0.7978,      0.7988,      0.7998,      0.8008,      0.8018,      0.8028,      0.8038,      0.8048,     0.80581,     0.80681,     0.80781,     0.80881,     0.80981,     0.81081,     0.81181,     0.81281,     0.81381,     0.81481,     0.81582,
           0.81682,     0.81782,     0.81882,     0.81982,     0.82082,     0.82182,     0.82282,     0.82382,     0.82482,     0.82583,     0.82683,     0.82783,     0.82883,     0.82983,     0.83083,     0.83183,     0.83283,     0.83383,     0.83483,     0.83584,     0.83684,     0.83784,     0.83884,     0.83984,
           0.84084,     0.84184,     0.84284,     0.84384,     0.84484,     0.84585,     0.84685,     0.84785,     0.84885,     0.84985,     0.85085,     0.85185,     0.85285,     0.85385,     0.85485,     0.85586,     0.85686,     0.85786,     0.85886,     0.85986,     0.86086,     0.86186,     0.86286,     0.86386,
           0.86486,     0.86587,     0.86687,     0.86787,     0.86887,     0.86987,     0.87087,     0.87187,     0.87287,     0.87387,     0.87487,     0.87588,     0.87688,     0.87788,     0.87888,     0.87988,     0.88088,     0.88188,     0.88288,     0.88388,     0.88488,     0.88589,     0.88689,     0.88789,
           0.88889,     0.88989,     0.89089,     0.89189,     0.89289,     0.89389,     0.89489,      0.8959,      0.8969,      0.8979,      0.8989,      0.8999,      0.9009,      0.9019,      0.9029,      0.9039,      0.9049,     0.90591,     0.90691,     0.90791,     0.90891,     0.90991,     0.91091,     0.91191,
           0.91291,     0.91391,     0.91491,     0.91592,     0.91692,     0.91792,     0.91892,     0.91992,     0.92092,     0.92192,     0.92292,     0.92392,     0.92492,     0.92593,     0.92693,     0.92793,     0.92893,     0.92993,     0.93093,     0.93193,     0.93293,     0.93393,     0.93493,     0.93594,
           0.93694,     0.93794,     0.93894,     0.93994,     0.94094,     0.94194,     0.94294,     0.94394,     0.94494,     0.94595,     0.94695,     0.94795,     0.94895,     0.94995,     0.95095,     0.95195,     0.95295,     0.95395,     0.95495,     0.95596,     0.95696,     0.95796,     0.95896,     0.95996,
           0.96096,     0.96196,     0.96296,     0.96396,     0.96496,     0.96597,     0.96697,     0.96797,     0.96897,     0.96997,     0.97097,     0.97197,     0.97297,     0.97397,     0.97497,     0.97598,     0.97698,     0.97798,     0.97898,     0.97998,     0.98098,     0.98198,     0.98298,     0.98398,
           0.98498,     0.98599,     0.98699,     0.98799,     0.98899,     0.98999,     0.99099,     0.99199,     0.99299,     0.99399,     0.99499,       0.996,       0.997,       0.998,       0.999,           1]), array([[    0.83764,     0.83764,     0.83764, ...,           0,           0,           0],
       [    0.69565,     0.69565,     0.69565, ...,           0,           0,           0],
       [    0.83452,     0.83452,     0.83452, ...,           0,           0,           0],
       ...,
       [          0,           0,           0, ...,           0,           0,           0],
       [          0,           0,           0, ...,           0,           0,           0],
       [          0,           0,           0, ...,           0,           0,           0]]), 'Confidence', 'Recall']]
fitness: np.float64(0.06988145289248787)
keys: ['metrics/precision(B)', 'metrics/recall(B)', 'metrics/mAP50(B)', 'metrics/mAP50-95(B)']
maps: array([   0.065932,     0.37338,     0.14209,     0.33149,    0.065932,     0.26324,    0.070048,     0.29827,    0.096459,    0.054827,     0.28543,     0.12988,     0.10566,     0.23683,    0.029729,    0.010452,     0.14609,      0.4309,     0.14626,    0.075389,   0.0093413,    0.037385,    0.057525,    0.058901,
           0.18131,    0.025579,     0.20647,     0.11622,    0.084761,     0.19626,    0.086021,     0.11948,    0.036985,    0.059755,           0,    0.022482,     0.15573,     0.14742,     0.46834,    0.019331,    0.047544,    0.060513,      0.2247,    0.095229,    0.062359,     0.17599,     0.10065,     0.13476,
           0.23743,     0.14526,    0.081572,     0.30816,    0.019284,    0.097855,    0.085849,    0.034246,    0.016498,   0.0078823,    0.025267,    0.068769,     0.10642,     0.24813,    0.069827,   0.0071473,    0.028513,    0.054768,    0.033144,     0.12035,     0.17847,    0.027385,     0.13658,    0.014269,
          0.011065,     0.18049,     0.24856,    0.065932,     0.54398,     0.12536,     0.40857,    0.043341,     0.28118,    0.082251,     0.22759,   0.0075271,    0.019747,    0.033747,    0.065932,   0.0022962,    0.037881,    0.066497,    0.048761,    0.024435,    0.066614,    0.033506,    0.017334,     0.24571,
          0.058054,     0.15327,    0.015249,    0.065932,    0.021651,    0.033621,      0.1033,           0,    0.031372,   0.0083637,    0.041504,     0.30958,    0.026315,     0.12262,    0.067998,     0.22342,           0,   0.0070477,   0.0029173,    0.070754,     0.27732,     0.34371,    0.017285,    0.010864,
                 0,    0.022773,     0.53114,    0.038774,     0.12288,    0.066319,    0.046631,     0.20735,           0,   0.0045555,    0.065932,    0.078114,    0.095467,    0.024223,     0.29983,     0.19715,    0.019816,    0.042029,           0,   0.0082058,    0.076372,    0.065932,   0.0063608,    0.042694,
          0.092608,      0.2235,    0.065932,           0,           0,     0.34299,    0.089305,    0.010178,    0.011265,           0,     0.36737,    0.065932,   0.0068008,    0.065932,   0.0011109,    0.016376,     0.11088,    0.023418,     0.03478,    0.014538,     0.33411,    0.027095,    0.010642,    0.013757,
          0.065932,     0.10288,    0.004522,    0.025224,   0.0095997,     0.12623,    0.065932,    0.033796,     0.13092,           0,           0,           0,    0.022996,    0.065932,           0,           0,   0.0038503,           0,   0.0048796,      0.1209,   0.0077207,     0.13133,     0.10728,    0.018723,
           0.33411,   0.0066027,     0.05071,           0,           0,           0,    0.042893,   0.0074045,    0.065932,   0.0060109,     0.20766,   0.0045976,    0.020448,    0.065932,   0.0019206,           0,           0,    0.098967,     0.18785,    0.065932,    0.036337,    0.018115,     0.18932,     0.10131,
            0.1693,           0,    0.021106,     0.11001,    0.065932,     0.18875,           0,     0.16218,           0,           0,    0.072286,           0,    0.029884,    0.065932,    0.026662,    0.018764,           0,           0,   0.0022557,           0,     0.10096,    0.018098,           0,    0.015447,
           0.11694,    0.072825,   0.0096281,    0.013527,           0,    0.065932,    0.034374,           0,           0,     0.11608,           0,           0,    0.012943,     0.03659,           0,           0,           0,           0,           0,    0.045736,           0,           0,           0,    0.030987,
          0.059788,           0,    0.061527,     0.02898,    0.065932,   0.0097452,    0.077264,           0,           0,           0,   0.0014782,           0,   0.0045557,    0.065932,     0.20562,           0,           0,           0,           0,           0,    0.021875,           0,           0,           0,
           0.01233,           0,           0,    0.065932,           0,           0,    0.073334,    0.092588,           0,           0,     0.01696,           0,           0,           0,    0.065932,    0.055678,           0,           0,           0,   0.0012825,    0.034284,    0.065932,           0,    0.065932,
                 0,           0,           0,    0.019043,           0,     0.11895,           0,           0,           0,   0.0012047,           0,           0,     0.10346,    0.065932,           0,           0,           0,           0,           0,      0.0123,    0.090572,    0.065932,           0,           0,
                 0,           0,           0,    0.065932,           0,           0,           0,    0.065932,           0,           0,           0,           0,    0.065932,           0,           0,    0.065932,           0,    0.065932,    0.065932,    0.065932,    0.065932,           0,           0,    0.065932,
                 0,    0.065932,    0.065932,    0.065932,    0.065932])
names: {0: 'Person', 1: 'Sneakers', 2: 'Chair', 3: 'Other Shoes', 4: 'Hat', 5: 'Car', 6: 'Lamp', 7: 'Glasses', 8: 'Bottle', 9: 'Desk', 10: 'Cup', 11: 'Street Lights', 12: 'Cabinet/shelf', 13: 'Handbag/Satchel', 14: 'Bracelet', 15: 'Plate', 16: 'Picture/Frame', 17: 'Helmet', 18: 'Book', 19: 'Gloves', 20: 'Storage box', 21: 'Boat', 22: 'Leather Shoes', 23: 'Flower', 24: 'Bench', 25: 'Potted Plant', 26: 'Bowl/Basin', 27: 'Flag', 28: 'Pillow', 29: 'Boots', 30: 'Vase', 31: 'Microphone', 32: 'Necklace', 33: 'Ring', 34: 'SUV', 35: 'Wine Glass', 36: 'Belt', 37: 'Monitor/TV', 38: 'Backpack', 39: 'Umbrella', 40: 'Traffic Light', 41: 'Speaker', 42: 'Watch', 43: 'Tie', 44: 'Trash bin Can', 45: 'Slippers', 46: 'Bicycle', 47: 'Stool', 48: 'Barrel/bucket', 49: 'Van', 50: 'Couch', 51: 'Sandals', 52: 'Basket', 53: 'Drum', 54: 'Pen/Pencil', 55: 'Bus', 56: 'Wild Bird', 57: 'High Heels', 58: 'Motorcycle', 59: 'Guitar', 60: 'Carpet', 61: 'Cell Phone', 62: 'Bread', 63: 'Camera', 64: 'Canned', 65: 'Truck', 66: 'Traffic cone', 67: 'Cymbal', 68: 'Lifesaver', 69: 'Towel', 70: 'Stuffed Toy', 71: 'Candle', 72: 'Sailboat', 73: 'Laptop', 74: 'Awning', 75: 'Bed', 76: 'Faucet', 77: 'Tent', 78: 'Horse', 79: 'Mirror', 80: 'Power outlet', 81: 'Sink', 82: 'Apple', 83: 'Air Conditioner', 84: 'Knife', 85: 'Hockey Stick', 86: 'Paddle', 87: 'Pickup Truck', 88: 'Fork', 89: 'Traffic Sign', 90: 'Balloon', 91: 'Tripod', 92: 'Dog', 93: 'Spoon', 94: 'Clock', 95: 'Pot', 96: 'Cow', 97: 'Cake', 98: 'Dining Table', 99: 'Sheep', 100: 'Hanger', 101: 'Blackboard/Whiteboard', 102: 'Napkin', 103: 'Other Fish', 104: 'Orange/Tangerine', 105: 'Toiletry', 106: 'Keyboard', 107: 'Tomato', 108: 'Lantern', 109: 'Machinery Vehicle', 110: 'Fan', 111: 'Green Vegetables', 112: 'Banana', 113: 'Baseball Glove', 114: 'Airplane', 115: 'Mouse', 116: 'Train', 117: 'Pumpkin', 118: 'Soccer', 119: 'Skiboard', 120: 'Luggage', 121: 'Nightstand', 122: 'Tea pot', 123: 'Telephone', 124: 'Trolley', 125: 'Head Phone', 126: 'Sports Car', 127: 'Stop Sign', 128: 'Dessert', 129: 'Scooter', 130: 'Stroller', 131: 'Crane', 132: 'Remote', 133: 'Refrigerator', 134: 'Oven', 135: 'Lemon', 136: 'Duck', 137: 'Baseball Bat', 138: 'Surveillance Camera', 139: 'Cat', 140: 'Jug', 141: 'Broccoli', 142: 'Piano', 143: 'Pizza', 144: 'Elephant', 145: 'Skateboard', 146: 'Surfboard', 147: 'Gun', 148: 'Skating and Skiing shoes', 149: 'Gas stove', 150: 'Donut', 151: 'Bow Tie', 152: 'Carrot', 153: 'Toilet', 154: 'Kite', 155: 'Strawberry', 156: 'Other Balls', 157: 'Shovel', 158: 'Pepper', 159: 'Computer Box', 160: 'Toilet Paper', 161: 'Cleaning Products', 162: 'Chopsticks', 163: 'Microwave', 164: 'Pigeon', 165: 'Baseball', 166: 'Cutting/chopping Board', 167: 'Coffee Table', 168: 'Side Table', 169: 'Scissors', 170: 'Marker', 171: 'Pie', 172: 'Ladder', 173: 'Snowboard', 174: 'Cookies', 175: 'Radiator', 176: 'Fire Hydrant', 177: 'Basketball', 178: 'Zebra', 179: 'Grape', 180: 'Giraffe', 181: 'Potato', 182: 'Sausage', 183: 'Tricycle', 184: 'Violin', 185: 'Egg', 186: 'Fire Extinguisher', 187: 'Candy', 188: 'Fire Truck', 189: 'Billiards', 190: 'Converter', 191: 'Bathtub', 192: 'Wheelchair', 193: 'Golf Club', 194: 'Briefcase', 195: 'Cucumber', 196: 'Cigar/Cigarette', 197: 'Paint Brush', 198: 'Pear', 199: 'Heavy Truck', 200: 'Hamburger', 201: 'Extractor', 202: 'Extension Cord', 203: 'Tong', 204: 'Tennis Racket', 205: 'Folder', 206: 'American Football', 207: 'earphone', 208: 'Mask', 209: 'Kettle', 210: 'Tennis', 211: 'Ship', 212: 'Swing', 213: 'Coffee Machine', 214: 'Slide', 215: 'Carriage', 216: 'Onion', 217: 'Green beans', 218: 'Projector', 219: 'Frisbee', 220: 'Washing Machine/Drying Machine', 221: 'Chicken', 222: 'Printer', 223: 'Watermelon', 224: 'Saxophone', 225: 'Tissue', 226: 'Toothbrush', 227: 'Ice cream', 228: 'Hot-air balloon', 229: 'Cello', 230: 'French Fries', 231: 'Scale', 232: 'Trophy', 233: 'Cabbage', 234: 'Hot dog', 235: 'Blender', 236: 'Peach', 237: 'Rice', 238: 'Wallet/Purse', 239: 'Volleyball', 240: 'Deer', 241: 'Goose', 242: 'Tape', 243: 'Tablet', 244: 'Cosmetics', 245: 'Trumpet', 246: 'Pineapple', 247: 'Golf Ball', 248: 'Ambulance', 249: 'Parking meter', 250: 'Mango', 251: 'Key', 252: 'Hurdle', 253: 'Fishing Rod', 254: 'Medal', 255: 'Flute', 256: 'Brush', 257: 'Penguin', 258: 'Megaphone', 259: 'Corn', 260: 'Lettuce', 261: 'Garlic', 262: 'Swan', 263: 'Helicopter', 264: 'Green Onion', 265: 'Sandwich', 266: 'Nuts', 267: 'Speed Limit Sign', 268: 'Induction Cooker', 269: 'Broom', 270: 'Trombone', 271: 'Plum', 272: 'Rickshaw', 273: 'Goldfish', 274: 'Kiwi fruit', 275: 'Router/modem', 276: 'Poker Card', 277: 'Toaster', 278: 'Shrimp', 279: 'Sushi', 280: 'Cheese', 281: 'Notepaper', 282: 'Cherry', 283: 'Pliers', 284: 'CD', 285: 'Pasta', 286: 'Hammer', 287: 'Cue', 288: 'Avocado', 289: 'Hami melon', 290: 'Flask', 291: 'Mushroom', 292: 'Screwdriver', 293: 'Soap', 294: 'Recorder', 295: 'Bear', 296: 'Eggplant', 297: 'Board Eraser', 298: 'Coconut', 299: 'Tape Measure/Ruler', 300: 'Pig', 301: 'Showerhead', 302: 'Globe', 303: 'Chips', 304: 'Steak', 305: 'Crosswalk Sign', 306: 'Stapler', 307: 'Camel', 308: 'Formula 1', 309: 'Pomegranate', 310: 'Dishwasher', 311: 'Crab', 312: 'Hoverboard', 313: 'Meatball', 314: 'Rice Cooker', 315: 'Tuba', 316: 'Calculator', 317: 'Papaya', 318: 'Antelope', 319: 'Parrot', 320: 'Seal', 321: 'Butterfly', 322: 'Dumbbell', 323: 'Donkey', 324: 'Lion', 325: 'Urinal', 326: 'Dolphin', 327: 'Electric Drill', 328: 'Hair Dryer', 329: 'Egg tart', 330: 'Jellyfish', 331: 'Treadmill', 332: 'Lighter', 333: 'Grapefruit', 334: 'Game board', 335: 'Mop', 336: 'Radish', 337: 'Baozi', 338: 'Target', 339: 'French', 340: 'Spring Rolls', 341: 'Monkey', 342: 'Rabbit', 343: 'Pencil Case', 344: 'Yak', 345: 'Red Cabbage', 346: 'Binoculars', 347: 'Asparagus', 348: 'Barbell', 349: 'Scallop', 350: 'Noddles', 351: 'Comb', 352: 'Dumpling', 353: 'Oyster', 354: 'Table Tennis paddle', 355: 'Cosmetics Brush/Eyeliner Pencil', 356: 'Chainsaw', 357: 'Eraser', 358: 'Lobster', 359: 'Durian', 360: 'Okra', 361: 'Lipstick', 362: 'Cosmetics Mirror', 363: 'Curling', 364: 'Table Tennis'}
plot: True
results_dict: {'metrics/precision(B)': np.float64(0.5020888581217223), 'metrics/recall(B)': np.float64(0.1070373377742822), 'metrics/mAP50(B)': np.float64(0.1054265622077528), 'metrics/mAP50-95(B)': np.float64(0.06593199630190288), 'fitness': np.float64(0.06988145289248787)}
save_dir: PosixPath('/home/simon/GitHub/upo-machine-learning/runs/detect/train9')
speed: {'preprocess': 0.14702693731571492, 'inference': 1.6505526263339059, 'loss': 4.227021632447465e-05, 'postprocess': 2.0692956501530078}
task: 'detect'